0 86541.2 9997.2 1
0.0971832 22.695 15.3058 0.615133
0.215071 25.8682 25.8682 0.341176
0.305007 10.7905 10.7905 0.217614
0.4 0 0 0.135335
0.501166 3.4013 3.4013 0.0816079
0.562204 25.8682 20.479 0.0601436
0.699953 3.4013 1.70065 0.0302045
0.804546 14.1796 7.08982 0.017904
0.9 21.5688 0 0.011109
0.996891 33.1016 18.7783 0.0068435
1.12131 29.2694 12.9341 0.00367372
1.23623 2698.85 2631.47 0.00206801
1.3244 2158.62 2147.83 0.00133075
1.39881 1262.9 1224.84 0
1.50786 3933.55 3897.36 0
1.5704 99.7865 82.3491 0
1.71936 64.2392 28.7901 0
1.79306 376.149 322.496 0
1.923 276.083 25.1016 0
2.02628 350.611 10.6347 0
2.12504 651.375 117.496 0
2.2237 3946.35 2666.24 0
2.27674 6330.98 4157.01 0
2.41308 10317.9 7225.33 0
2.49479 8944.11 3926.99 0
2.58386 5775.37 684.054 0
2.715 12262.3 2832.21 0
2.79558 13650.5 5139.36 0
2.9008 14031.4 2790.59 0
3.00103 16046.4 2578.28 0
3.10198 17479.4 2829.91 0
3.20152 19519.5 3028.17 0
3.30087 22139.4 3525.58 0
3.40029 21039.4 3856.28 0
3.50298 23887.9 4813.52 0
3.6034 26943.9 6923.58 0
3.69666 25592.2 5416.18 0
3.80107 23561.4 5668.86 0
3.89757 25353.8 5428.08 0
4.00004 27031 5496.41 0
4.10053 26963.1 5257.62 0
4.1998 28128.8 6765.54 0
4.30145 31126.1 6069.42 0
4.40046 31618.7 7347.46 0
4.5017 31320.9 7966.01 0
4.60123 34202.6 8722.24 0
4.70189 34749.6 9295.06 0
4.80055 37388.8 10545.4 0
4.89846 35352.9 10121 0
