0 84813.2 9997.2 1
0.0971832 15.3058 15.3058 0.615133
0.215071 25.8682 25.8682 0.341176
0.305007 14.3354 10.7905 0.217614
0.4 1.70065 0 0.135335
0.501166 24.0239 3.4013 0.0816079
0.562204 65.1255 20.479 0.0601436
0.699953 14.479 1.70065 0.0302045
0.804546 14.3232 7.08982 0.017904
0.9 15.8803 0 0.011109
0.996891 55.2812 18.7783 0.0068435
1.12131 74.9455 12.9341 0.00367372
1.23623 2654.9 2631.47 0.00206801
1.3244 2243.4 2147.83 0.00133075
1.39881 1293.18 1224.84 0
1.50786 3952.48 3897.36 0
1.5704 148.313 82.3491 0
1.71936 139.988 28.7901 0
1.79306 399.694 322.496 0
1.923 208.886 25.1016 0
2.02628 206.096 10.6347 0
2.12504 456.813 117.496 0
2.2237 3915.53 2666.24 0
2.27674 5695.74 4157.01 0
2.41308 9936.93 7225.33 0
2.49479 7692 3926.99 0
2.58386 5866.96 684.054 0
2.715 12571.9 2832.21 0
2.79558 16894.6 5139.36 0
2.9008 14365.5 2790.59 0
3.00103 14894.2 2578.28 0
3.10198 16032.2 2829.91 0
3.20152 21661.9 3028.17 0
3.30087 22419 3525.58 0
3.40029 21980.9 3856.28 0
3.50298 22708.8 4813.52 0
3.6034 25688.8 6923.58 0
3.69666 25124.9 5416.18 0
3.80107 25145.3 5668.86 0
3.89757 25219.8 5428.08 0
4.00004 25335 5496.41 0
4.10053 26981.5 5257.62 0
4.1998 29974.3 6765.54 0
4.30145 27421.9 6069.42 0
4.40046 28117.4 7347.46 0
4.5017 31311.6 7966.01 0
4.60123 33216.1 8722.24 0
4.70189 30053.4 9295.06 0
4.80055 34764.5 10545.4 0
4.89846 37310 10121 0
